24,3
0,57
0,528
0,56
0,455
28,65
28,64
28,35
28,34
28,33
28,32
28,31
28,30
28,29
28,28
28,27
28,26
28,25
28,24
28,23
28,22
28,21
28,20
28,19
28,18
28,17
28,16
28,15
28,14
28,13
28,12
28,11
28,10
28,9
28,8
28,7
28,6
28,5
28,4
0,55
0,565
0,54
0,561
0,285
0,471
0,52
0,51
0,514
0,50
0,282
0,1
0,11
28,3
0,4
28,2
28,1
28,0
0,470
29,78
29,72
29,81
29,74
29,14
29,68
29,28
29,33
29,34
29,35
29,101
29,3
3,2
3,1
3,3
10,150
10,8
10,164
10,172
10,276
10,192
10,1
10,222
10,2
10,3
11,8
11,12
11,18
11,4
11,28
11,26
11,1
11,16
11,2
29,99
29,98
29,86
11,3
9,7
9,4
9,1
9,6
9,2
9,3
8,7
29,76
29,1
8,12
8,5
8,1
29,73
8,18
29,71
29,69
29,32
29,31
29,25
29,22
29,18
8,2
29,17
8,3
12,2
12,1
25,1
12,3
25,3
23,148
23,147
23,145
23,144
23,142
23,141
23,140
23,139
23,138
23,137
23,134
23,133
23,132
